[gd_scene load_steps=29 format=3 uid="uid://cc2bw61y2wcj1"]

[ext_resource type="Texture2D" uid="uid://uxilb4o81c4e" path="res://assets/materials/wood_floor_deck_4k/textures/wood_floor_deck_diff_4k.png" id="1_umx82"]
[ext_resource type="Texture2D" uid="uid://dnxyr00i58r02" path="res://assets/materials/wood_floor_deck_4k/textures/wood_floor_deck_nor_gl_4k.png" id="2_y18xv"]
[ext_resource type="Texture2D" uid="uid://cwwfa6yv7r1ei" path="res://assets/materials/wood_floor_deck_4k/textures/wood_floor_deck_rough_4k.png" id="3_wbqo2"]
[ext_resource type="PackedScene" uid="uid://ch84sdomsnivc" path="res://assets/3dassets/Godot_4/Furnitures/Scenes/furniture/furniture_shelf_2.tscn" id="4_d6au6"]
[ext_resource type="Texture2D" uid="uid://btr10h44k42ot" path="res://assets/materials/wood_plank_wall_4k/textures/wood_plank_wall_diff_4k.png" id="5_g8gu3"]
[ext_resource type="Texture2D" uid="uid://1e86mcw2ns1o" path="res://assets/materials/wood_plank_wall_4k/textures/wood_plank_wall_nor_gl_4k.png" id="6_yqv6l"]
[ext_resource type="Texture2D" uid="uid://k50lrp8ijpg0" path="res://assets/materials/wood_plank_wall_4k/textures/wood_plank_wall_rough_4k.png" id="7_ms56s"]
[ext_resource type="PackedScene" uid="uid://kvaco44hmbdo" path="res://assets/3dassets/mum.glb" id="8_6aso1"]
[ext_resource type="PackedScene" uid="uid://be3ypei5lyey0" path="res://assets/3dassets/Godot_4/Furnitures/Scenes/furniture/furniture_cabinet_4.tscn" id="9_nvibe"]
[ext_resource type="Texture2D" uid="uid://xjwivt7riiyp" path="res://assets/materials/web_textures/web_textures/web_a_alpha.png" id="10_kxhqk"]
[ext_resource type="PackedScene" uid="uid://dgqt47yohhm1j" path="res://assets/3dassets/the_book.tscn" id="11_miwh6"]

[sub_resource type="StandardMaterial3D" id="StandardMaterial3D_sti0m"]
albedo_texture = ExtResource("1_umx82")
roughness_texture = ExtResource("3_wbqo2")
normal_enabled = true
normal_texture = ExtResource("2_y18xv")
uv1_scale = Vector3(60, 60, 60)

[sub_resource type="PlaneMesh" id="PlaneMesh_wo1cp"]
material = SubResource("StandardMaterial3D_sti0m")
size = Vector2(50, 50)

[sub_resource type="Gradient" id="Gradient_oihsc"]
colors = PackedColorArray(0.997455, 0.26089, 1.15514e-06, 1, 0.882277, 0.339401, 0.11202, 1)

[sub_resource type="GradientTexture1D" id="GradientTexture1D_bt37o"]
gradient = SubResource("Gradient_oihsc")

[sub_resource type="ParticleProcessMaterial" id="ParticleProcessMaterial_hthow"]
lifetime_randomness = 1.0
emission_shape = 3
emission_box_extents = Vector3(0.05, 0.05, 0.05)
direction = Vector3(0, 1, 0)
spread = 0.0
initial_velocity_min = 0.5
initial_velocity_max = 1.0
gravity = Vector3(0, 0, 0)
tangential_accel_min = 0.499998
tangential_accel_max = 0.999998
scale_min = 0.5
color_ramp = SubResource("GradientTexture1D_bt37o")

[sub_resource type="StandardMaterial3D" id="StandardMaterial3D_cennt"]
blend_mode = 1
shading_mode = 0
vertex_color_use_as_albedo = true
albedo_color = Color(1, 1, 1, 0.560784)

[sub_resource type="SphereMesh" id="SphereMesh_ubx7w"]
material = SubResource("StandardMaterial3D_cennt")
radius = 0.05
height = 0.1

[sub_resource type="StandardMaterial3D" id="StandardMaterial3D_aepii"]
transparency = 2
alpha_scissor_threshold = 0.5
alpha_antialiasing_mode = 0
albedo_texture = ExtResource("10_kxhqk")

[sub_resource type="PlaneMesh" id="PlaneMesh_ufyat"]
material = SubResource("StandardMaterial3D_aepii")

[sub_resource type="StandardMaterial3D" id="StandardMaterial3D_g3j4f"]
albedo_texture = ExtResource("5_g8gu3")
roughness_texture = ExtResource("7_ms56s")
normal_enabled = true
normal_texture = ExtResource("6_yqv6l")
uv1_scale = Vector3(40, 40, 40)

[sub_resource type="BoxMesh" id="BoxMesh_i2gfe"]
material = SubResource("StandardMaterial3D_g3j4f")

[sub_resource type="Animation" id="Animation_7buet"]
resource_name = "initial_move"
length = 2.0
tracks/0/type = "value"
tracks/0/imported = false
tracks/0/enabled = true
tracks/0/path = NodePath("Camera3D:rotation")
tracks/0/interp = 1
tracks/0/loop_wrap = true
tracks/0/keys = {
"times": PackedFloat32Array(0, 2),
"transitions": PackedFloat32Array(1, 1),
"update": 0,
"values": [Vector3(0, 1.5708, 0), Vector3(0, 0, 0)]
}

[sub_resource type="Animation" id="Animation_b8urt"]
length = 0.001
tracks/0/type = "value"
tracks/0/imported = false
tracks/0/enabled = true
tracks/0/path = NodePath("Camera3D:rotation")
tracks/0/interp = 1
tracks/0/loop_wrap = true
tracks/0/keys = {
"times": PackedFloat32Array(0),
"transitions": PackedFloat32Array(1),
"update": 0,
"values": [Vector3(0, 0, 0)]
}
tracks/1/type = "value"
tracks/1/imported = false
tracks/1/enabled = true
tracks/1/path = NodePath("Camera3D:position")
tracks/1/interp = 1
tracks/1/loop_wrap = true
tracks/1/keys = {
"times": PackedFloat32Array(0),
"transitions": PackedFloat32Array(1),
"update": 0,
"values": [Vector3(0, 1.438, 2.617)]
}

[sub_resource type="Animation" id="Animation_vmht7"]
resource_name = "second_move"
length = 2.0
tracks/0/type = "value"
tracks/0/imported = false
tracks/0/enabled = true
tracks/0/path = NodePath("Camera3D:rotation")
tracks/0/interp = 1
tracks/0/loop_wrap = true
tracks/0/keys = {
"times": PackedFloat32Array(0, 2),
"transitions": PackedFloat32Array(1, 1),
"update": 0,
"values": [Vector3(0, 0, 0), Vector3(0, -1.5708, 0)]
}

[sub_resource type="Animation" id="Animation_ke6au"]
resource_name = "third_move"
length = 2.0
tracks/0/type = "value"
tracks/0/imported = false
tracks/0/enabled = true
tracks/0/path = NodePath("Camera3D:position")
tracks/0/interp = 1
tracks/0/loop_wrap = true
tracks/0/keys = {
"times": PackedFloat32Array(0, 2),
"transitions": PackedFloat32Array(1, 1),
"update": 0,
"values": [Vector3(0, 1.438, 2.617), Vector3(0, 1.438, 5.92224)]
}
tracks/1/type = "value"
tracks/1/imported = false
tracks/1/enabled = true
tracks/1/path = NodePath("Camera3D:rotation")
tracks/1/interp = 1
tracks/1/loop_wrap = true
tracks/1/keys = {
"times": PackedFloat32Array(0, 2),
"transitions": PackedFloat32Array(1, 1),
"update": 0,
"values": [Vector3(0, -1.5708, 0), Vector3(0, -1.5708, 0)]
}

[sub_resource type="Animation" id="Animation_2tt1y"]
resource_name = "fourth_move"
length = 2.0
tracks/0/type = "value"
tracks/0/imported = false
tracks/0/enabled = true
tracks/0/path = NodePath("Camera3D:position")
tracks/0/interp = 1
tracks/0/loop_wrap = true
tracks/0/keys = {
"times": PackedFloat32Array(0, 2),
"transitions": PackedFloat32Array(1, 1),
"update": 0,
"values": [Vector3(0, 1.438, 5.92224), Vector3(0, 1.438, 11.2288)]
}

[sub_resource type="AnimationLibrary" id="AnimationLibrary_84cdr"]
_data = {
"RESET": SubResource("Animation_b8urt"),
"fourth_move": SubResource("Animation_2tt1y"),
"initial_move": SubResource("Animation_7buet"),
"second_move": SubResource("Animation_vmht7"),
"third_move": SubResource("Animation_ke6au")
}

[node name="Biblioteca3d" type="Node3D"]
transform = Transform3D(1, 0, 0, 0, 1, 0, 0, 0, 1, 0.00854087, 0.00854659, -1.13399)

[node name="floor" type="MeshInstance3D" parent="."]
mesh = SubResource("PlaneMesh_wo1cp")

[node name="ceiling" type="MeshInstance3D" parent="."]
transform = Transform3D(1, 0, 0, 0, -1, 8.74228e-08, 0, -8.74228e-08, -1, 0, 5.53493, 0)
mesh = SubResource("PlaneMesh_wo1cp")

[node name="Camera3D" type="Camera3D" parent="."]
transform = Transform3D(1, 0, 0, 0, 1, 0, 0, 0, 1, 0, 1.438, 2.617)

[node name="shelves" type="Node3D" parent="."]
transform = Transform3D(0.0494947, 0, 0.998774, 0, 1, 0, -0.998774, 0, 0.0494947, -3.65983, 1.18237, 6.90841)

[node name="Furniture_Shelf_2" parent="shelves" instance=ExtResource("4_d6au6")]
transform = Transform3D(0.0494947, 0, -0.998774, 0, 1, 0, 0.998774, 0, 0.0494947, 7.08116, 0, 3.31502)

[node name="Furniture_Shelf_3" parent="shelves" instance=ExtResource("4_d6au6")]
transform = Transform3D(0.0494947, 0, -0.998774, 0, 1, 0, 0.998774, 0, 0.0494947, 7.176, 0, 5.22871)

[node name="Furniture_Shelf_4" parent="shelves" instance=ExtResource("4_d6au6")]
transform = Transform3D(0.0494947, 0, -0.998774, 0, 1, 0, 0.998774, 0, 0.0494947, 6.98638, 0, 1.40234)

[node name="cabinets1" type="Node3D" parent="."]
transform = Transform3D(1, 0, 0, 0, 1, 0, 0, 0, 1, 2.84503, 4.03283, -0.0707355)

[node name="Furniture_Cabinet_4" parent="cabinets1" instance=ExtResource("9_nvibe")]
transform = Transform3D(1, 0, 0, 0, 1, 0, 0, 0, 1, -2.84503, 0, 0)
freeze = true

[node name="Furniture_Cabinet_6" parent="cabinets1" instance=ExtResource("9_nvibe")]
transform = Transform3D(1, 0, 0, 0, 1, 0, 0, 0, 1, 0.0800366, 0, 0)
freeze = true

[node name="Furniture_Cabinet_5" parent="cabinets1" instance=ExtResource("9_nvibe")]
transform = Transform3D(1, 0, 0, 0, 1, 0, 0, 0, 1, -5.76417, 0, 0)
freeze = true

[node name="books1" type="Node3D" parent="."]
transform = Transform3D(-1.14172e-08, 0.261195, 0.965286, -4.2194e-08, 0.965286, -0.261195, -1, -4.37114e-08, 2.25354e-15, -2.15986, 0.920139, 0.298013)

[node name="book-01" parent="books1" instance=ExtResource("11_miwh6")]
transform = Transform3D(-1.14172e-08, -4.2194e-08, -1, 0.261195, 0.965286, -4.37114e-08, 0.965286, -0.261195, -1.77636e-15, 0.0501279, 1.0595, 1.48081)

[node name="book-07" parent="books1" instance=ExtResource("11_miwh6")]
transform = Transform3D(-7.60056e-08, 1.32652e-07, 1, -0.261195, 0.965286, -1.47899e-07, -0.965286, -0.261195, -3.87191e-08, 0.0501279, 1.17635, 1.91659)

[node name="book-10" parent="books1" instance=ExtResource("11_miwh6")]
transform = Transform3D(-7.60056e-08, 1.32652e-07, 1, -0.261195, 0.965286, -1.47899e-07, -0.965286, -0.261195, -3.87191e-08, 0.0501279, 1.23113, 1.90177)

[node name="book-08" parent="books1" instance=ExtResource("11_miwh6")]
transform = Transform3D(-1.25337e-07, 1.90866e-07, 1, 0.999992, -0.00424147, 1.26145e-07, 0.00424147, 0.999992, -1.90332e-07, 0.0501279, 1.29225, 2.08829)

[node name="book-09" parent="books1" instance=ExtResource("11_miwh6")]
transform = Transform3D(-1.25337e-07, 1.90866e-07, 1, 0.999992, -0.00424147, 1.26145e-07, 0.00424147, 0.999992, -1.90332e-07, 0.0501279, 1.31273, 2.14497)

[node name="book-02" parent="books1" instance=ExtResource("11_miwh6")]
transform = Transform3D(1, 3.22942e-08, 4.2194e-08, 3.22942e-08, 0.261195, -0.965286, -4.2194e-08, 0.965286, 0.261195, 0.000220895, 1.42462, 2.40395)

[node name="book-06" parent="books1" instance=ExtResource("11_miwh6")]
transform = Transform3D(1, 4.44568e-08, 4.3705e-08, 4.44567e-08, -0.0170519, -0.999855, -4.37051e-08, 0.999855, -0.0170519, 0.000220895, 1.37172, 2.20845)

[node name="book-03" parent="books1" instance=ExtResource("11_miwh6")]
transform = Transform3D(1, 3.22942e-08, 4.2194e-08, 3.22942e-08, 0.261195, -0.965286, -4.2194e-08, 0.965286, 0.261195, -5.96046e-08, 1.40858, 2.34468)

[node name="book-79" parent="books1" instance=ExtResource("11_miwh6")]
transform = Transform3D(-1.14172e-08, -4.2194e-08, -1, 0.261195, 0.965286, -4.37114e-08, 0.965286, -0.261195, -1.77636e-15, 0.0501279, 0.561645, -0.359104)

[node name="book-80" parent="books1" instance=ExtResource("11_miwh6")]
transform = Transform3D(-7.60056e-08, 1.32652e-07, 1, -0.261195, 0.965286, -1.47899e-07, -0.965286, -0.261195, -3.87191e-08, 0.0501279, 0.678493, 0.0766726)

[node name="book-81" parent="books1" instance=ExtResource("11_miwh6")]
transform = Transform3D(-7.60056e-08, 1.32652e-07, 1, -0.261195, 0.965286, -1.47899e-07, -0.965286, -0.261195, -3.87191e-08, 0.0501279, 0.733274, 0.0618498)

[node name="book-82" parent="books1" instance=ExtResource("11_miwh6")]
transform = Transform3D(-1.25337e-07, 1.90866e-07, 1, 0.999992, -0.00424147, 1.26145e-07, 0.00424147, 0.999992, -1.90332e-07, 0.0501279, 0.794396, 0.24838)

[node name="book-83" parent="books1" instance=ExtResource("11_miwh6")]
transform = Transform3D(-1.25337e-07, 1.90866e-07, 1, 0.999992, -0.00424147, 1.26145e-07, 0.00424147, 0.999992, -1.90332e-07, 0.0501279, 0.814871, 0.30506)

[node name="book-84" parent="books1" instance=ExtResource("11_miwh6")]
transform = Transform3D(1, 3.22942e-08, 4.2194e-08, 3.22942e-08, 0.261195, -0.965286, -4.2194e-08, 0.965286, 0.261195, 0.000220895, 0.926759, 0.564035)

[node name="book-85" parent="books1" instance=ExtResource("11_miwh6")]
transform = Transform3D(1, 4.44568e-08, 4.3705e-08, 4.44567e-08, -0.0170519, -0.999855, -4.37051e-08, 0.999855, -0.0170519, 0.000220895, 0.873859, 0.368536)

[node name="book-86" parent="books1" instance=ExtResource("11_miwh6")]
transform = Transform3D(1, 3.22942e-08, 4.2194e-08, 3.22942e-08, 0.261195, -0.965286, -4.2194e-08, 0.965286, 0.261195, -5.96046e-08, 0.910721, 0.504767)

[node name="book-21" parent="books1" instance=ExtResource("11_miwh6")]
transform = Transform3D(1, 3.22942e-08, 4.2194e-08, 3.22942e-08, 0.261195, -0.965286, -4.2194e-08, 0.965286, 0.261195, -5.96046e-08, 0.797124, 2.59135)

[node name="book-22" parent="books1" instance=ExtResource("11_miwh6")]
transform = Transform3D(1, 3.22942e-08, 4.2194e-08, 3.22942e-08, 0.261195, -0.965286, -4.2194e-08, 0.965286, 0.261195, -5.96046e-08, 0.783967, 2.54273)

[node name="book-23" parent="books1" instance=ExtResource("11_miwh6")]
transform = Transform3D(1, 3.22942e-08, 4.2194e-08, 3.22942e-08, 0.261195, -0.965286, -4.2194e-08, 0.965286, 0.261195, -5.96046e-08, 0.770984, 2.49475)

[node name="book-24" parent="books1" instance=ExtResource("11_miwh6")]
transform = Transform3D(1, 3.22942e-08, 4.2194e-08, 3.22942e-08, 0.261195, -0.965286, -4.2194e-08, 0.965286, 0.261195, -5.96046e-08, 0.756125, 2.43984)

[node name="book-61" parent="books1" instance=ExtResource("11_miwh6")]
transform = Transform3D(1, 3.22942e-08, 4.2194e-08, 3.22942e-08, 0.261195, -0.965286, -4.2194e-08, 0.965286, 0.261195, 0, 0.150113, 2.75827)

[node name="book-62" parent="books1" instance=ExtResource("11_miwh6")]
transform = Transform3D(1, 3.22942e-08, 4.2194e-08, 3.22942e-08, 0.261195, -0.965286, -4.2194e-08, 0.965286, 0.261195, 0, -0.133596, 1.70978)

[node name="book-63" parent="books1" instance=ExtResource("11_miwh6")]
transform = Transform3D(1, 3.22942e-08, 4.2194e-08, 3.22942e-08, 0.261195, -0.965286, -4.2194e-08, 0.965286, 0.261195, 0, -0.119546, 1.7617)

[node name="book-64" parent="books1" instance=ExtResource("11_miwh6")]
transform = Transform3D(1, 3.22942e-08, 4.2194e-08, 3.22942e-08, 0.261195, -0.965286, -4.2194e-08, 0.965286, 0.261195, 0, -0.105532, 1.81349)

[node name="book-65" parent="books1" instance=ExtResource("11_miwh6")]
transform = Transform3D(1, 3.22942e-08, 4.2194e-08, 3.22942e-08, 0.261195, -0.965286, -4.2194e-08, 0.965286, 0.261195, 0, -0.0915969, 1.86499)

[node name="book-66" parent="books1" instance=ExtResource("11_miwh6")]
transform = Transform3D(1, 3.22942e-08, 4.2194e-08, 3.22942e-08, 0.261195, -0.965286, -4.2194e-08, 0.965286, 0.261195, 0, 0.135484, 2.70421)

[node name="book-68" parent="books1" instance=ExtResource("11_miwh6")]
transform = Transform3D(-1, 1.29617e-07, 3.22942e-08, -1.16682e-07, -0.965286, 0.261195, 6.50284e-08, 0.261195, 0.965286, -0.111963, -0.111559, 2.21501)

[node name="book-69" parent="books1" instance=ExtResource("11_miwh6")]
transform = Transform3D(-0.934943, 1.23929e-07, -0.354797, -0.0926713, -0.965286, 0.244202, -0.342481, 0.261195, 0.902488, 0.014086, -0.0253533, 2.53359)

[node name="book-67" parent="books1" instance=ExtResource("11_miwh6")]
transform = Transform3D(0.771625, -0.630922, -0.080823, 0.16614, 0.322565, -0.931852, 0.613997, 0.705612, 0.35372, 0, -0.0578625, 1.98966)

[node name="book-70" parent="books1" instance=ExtResource("11_miwh6")]
transform = Transform3D(1, 3.22942e-08, 4.2194e-08, 3.22942e-08, 0.261195, -0.965286, -4.2194e-08, 0.965286, 0.261195, -1.19209e-07, 1.93966, 4.30374)

[node name="book-71" parent="books1" instance=ExtResource("11_miwh6")]
transform = Transform3D(1, 3.22942e-08, 4.2194e-08, 3.22942e-08, 0.261195, -0.965286, -4.2194e-08, 0.965286, 0.261195, -5.96046e-08, 1.65595, 3.25525)

[node name="book-72" parent="books1" instance=ExtResource("11_miwh6")]
transform = Transform3D(1, 3.22942e-08, 4.2194e-08, 3.22942e-08, 0.261195, -0.965286, -4.2194e-08, 0.965286, 0.261195, -5.96046e-08, 1.67, 3.30717)

[node name="book-73" parent="books1" instance=ExtResource("11_miwh6")]
transform = Transform3D(1, 3.22942e-08, 4.2194e-08, 3.22942e-08, 0.261195, -0.965286, -4.2194e-08, 0.965286, 0.261195, -5.96046e-08, 1.68402, 3.35897)

[node name="book-74" parent="books1" instance=ExtResource("11_miwh6")]
transform = Transform3D(1, 3.22942e-08, 4.2194e-08, 3.22942e-08, 0.261195, -0.965286, -4.2194e-08, 0.965286, 0.261195, -5.96046e-08, 1.69795, 3.41046)

[node name="book-75" parent="books1" instance=ExtResource("11_miwh6")]
transform = Transform3D(1, 3.22942e-08, 4.2194e-08, 3.22942e-08, 0.261195, -0.965286, -4.2194e-08, 0.965286, 0.261195, -1.19209e-07, 1.92503, 4.24967)

[node name="book-76" parent="books1" instance=ExtResource("11_miwh6")]
transform = Transform3D(-1, 1.29617e-07, 3.22942e-08, -1.16682e-07, -0.965286, 0.261195, 6.50284e-08, 0.261195, 0.965286, -0.111963, 1.67798, 3.76048)

[node name="book-77" parent="books1" instance=ExtResource("11_miwh6")]
transform = Transform3D(-0.934943, 1.23929e-07, -0.354797, -0.0926713, -0.965286, 0.244202, -0.342481, 0.261195, 0.902488, 0.0140859, 1.76419, 4.07906)

[node name="book-78" parent="books1" instance=ExtResource("11_miwh6")]
transform = Transform3D(0.771625, -0.630922, -0.080823, 0.16614, 0.322565, -0.931852, 0.613997, 0.705612, 0.35372, -1.19209e-07, 1.73169, 3.53513)

[node name="book-25" parent="books1" instance=ExtResource("11_miwh6")]
transform = Transform3D(1, 3.22942e-08, 4.2194e-08, 3.22942e-08, 0.261195, -0.965286, -4.2194e-08, 0.965286, 0.261195, -5.96046e-08, 0.739439, 2.37817)

[node name="book-26" parent="books1" instance=ExtResource("11_miwh6")]
transform = Transform3D(1, 4.53033e-08, 4.36824e-08, 4.53032e-08, -0.0364174, -0.999337, -4.36824e-08, 0.999337, -0.0364174, -5.96046e-08, 0.713105, 2.28085)

[node name="book-27" parent="books1" instance=ExtResource("11_miwh6")]
transform = Transform3D(1, 4.53033e-08, 4.36824e-08, 4.53032e-08, -0.0364174, -0.999337, -4.36824e-08, 0.999337, -0.0364174, -5.96046e-08, 0.697944, 2.22482)

[node name="book-28" parent="books1" instance=ExtResource("11_miwh6")]
transform = Transform3D(1, 8.61474e-08, 1.04822e-08, 8.61473e-08, -0.970821, -0.239804, -1.04822e-08, 0.239804, -0.970821, -5.96046e-08, 0.507662, 2.04608)

[node name="book-29" parent="books1" instance=ExtResource("11_miwh6")]
transform = Transform3D(1, 8.61474e-08, 1.04822e-08, 8.61473e-08, -0.970821, -0.239804, -1.04822e-08, 0.239804, -0.970821, -5.96046e-08, 0.542354, 2.03669)

[node name="book-30" parent="books1" instance=ExtResource("11_miwh6")]
transform = Transform3D(0.669131, -0.01686, -0.742954, -0.194106, -0.969003, -0.152829, -0.717348, 0.246474, -0.651662, -5.96046e-08, 0.464309, 1.74826)

[node name="book-31" parent="books1" instance=ExtResource("11_miwh6")]
transform = Transform3D(1, 3.22942e-08, 4.2194e-08, 3.22942e-08, 0.261195, -0.965286, -4.2194e-08, 0.965286, 0.261195, -5.96046e-08, 1.27392, 4.35343)

[node name="book-32" parent="books1" instance=ExtResource("11_miwh6")]
transform = Transform3D(1, 3.22942e-08, 4.2194e-08, 3.22942e-08, 0.261195, -0.965286, -4.2194e-08, 0.965286, 0.261195, -5.96046e-08, 1.26077, 4.30481)

[node name="book-33" parent="books1" instance=ExtResource("11_miwh6")]
transform = Transform3D(1, 3.22942e-08, 4.2194e-08, 3.22942e-08, 0.261195, -0.965286, -4.2194e-08, 0.965286, 0.261195, -5.96046e-08, 1.24778, 4.25683)

[node name="book-34" parent="books1" instance=ExtResource("11_miwh6")]
transform = Transform3D(1, 3.22942e-08, 4.2194e-08, 3.22942e-08, 0.261195, -0.965286, -4.2194e-08, 0.965286, 0.261195, -5.96046e-08, 1.23292, 4.20191)

[node name="book-35" parent="books1" instance=ExtResource("11_miwh6")]
transform = Transform3D(1, 3.22942e-08, 4.2194e-08, 3.22942e-08, 0.261195, -0.965286, -4.2194e-08, 0.965286, 0.261195, -5.96046e-08, 1.21624, 4.14025)

[node name="book-36" parent="books1" instance=ExtResource("11_miwh6")]
transform = Transform3D(1, 4.53033e-08, 4.36824e-08, 4.53032e-08, -0.0364174, -0.999337, -4.36824e-08, 0.999337, -0.0364174, -5.96046e-08, 1.1899, 4.04293)

[node name="book-37" parent="books1" instance=ExtResource("11_miwh6")]
transform = Transform3D(1, 4.53033e-08, 4.36824e-08, 4.53032e-08, -0.0364174, -0.999337, -4.36824e-08, 0.999337, -0.0364174, -5.96046e-08, 1.17474, 3.9869)

[node name="book-38" parent="books1" instance=ExtResource("11_miwh6")]
transform = Transform3D(1, 8.61474e-08, 1.04822e-08, 8.61473e-08, -0.970821, -0.239804, -1.04822e-08, 0.239804, -0.970821, -5.96046e-08, 0.984461, 3.80816)

[node name="book-39" parent="books1" instance=ExtResource("11_miwh6")]
transform = Transform3D(1, 8.61474e-08, 1.04822e-08, 8.61473e-08, -0.970821, -0.239804, -1.04822e-08, 0.239804, -0.970821, -5.96046e-08, 1.01915, 3.79877)

[node name="book-40" parent="books1" instance=ExtResource("11_miwh6")]
transform = Transform3D(0.669131, -0.01686, -0.742954, -0.194106, -0.969003, -0.152829, -0.717348, 0.246474, -0.651662, -5.96046e-08, 0.941107, 3.51035)

[node name="book-41" parent="books1" instance=ExtResource("11_miwh6")]
transform = Transform3D(1, 3.22942e-08, 4.2194e-08, 3.22942e-08, 0.261195, -0.965286, -4.2194e-08, 0.965286, 0.261195, -5.96046e-08, 0.630202, 4.52762)

[node name="book-42" parent="books1" instance=ExtResource("11_miwh6")]
transform = Transform3D(1, 3.22942e-08, 4.2194e-08, 3.22942e-08, 0.261195, -0.965286, -4.2194e-08, 0.965286, 0.261195, -5.96046e-08, 0.617045, 4.479)

[node name="book-43" parent="books1" instance=ExtResource("11_miwh6")]
transform = Transform3D(1, 3.22942e-08, 4.2194e-08, 3.22942e-08, 0.261195, -0.965286, -4.2194e-08, 0.965286, 0.261195, -5.96046e-08, 0.604061, 4.43101)

[node name="book-44" parent="books1" instance=ExtResource("11_miwh6")]
transform = Transform3D(1, 3.22942e-08, 4.2194e-08, 3.22942e-08, 0.261195, -0.965286, -4.2194e-08, 0.965286, 0.261195, -5.96046e-08, 0.589202, 4.3761)

[node name="book-45" parent="books1" instance=ExtResource("11_miwh6")]
transform = Transform3D(1, 3.22942e-08, 4.2194e-08, 3.22942e-08, 0.261195, -0.965286, -4.2194e-08, 0.965286, 0.261195, -5.96046e-08, 0.572517, 4.31443)

[node name="book-46" parent="books1" instance=ExtResource("11_miwh6")]
transform = Transform3D(1, 4.53033e-08, 4.36824e-08, 4.53032e-08, -0.0364174, -0.999337, -4.36824e-08, 0.999337, -0.0364174, -5.96046e-08, 0.546183, 4.21711)

[node name="book-47" parent="books1" instance=ExtResource("11_miwh6")]
transform = Transform3D(1, 4.53033e-08, 4.36824e-08, 4.53032e-08, -0.0364174, -0.999337, -4.36824e-08, 0.999337, -0.0364174, -5.96046e-08, 0.531023, 4.16109)

[node name="book-48" parent="books1" instance=ExtResource("11_miwh6")]
transform = Transform3D(1, 8.61474e-08, 1.04822e-08, 8.61473e-08, -0.970821, -0.239804, -1.04822e-08, 0.239804, -0.970821, 0, 0.340742, 3.98234)

[node name="book-49" parent="books1" instance=ExtResource("11_miwh6")]
transform = Transform3D(1, 8.61474e-08, 1.04822e-08, 8.61473e-08, -0.970821, -0.239804, -1.04822e-08, 0.239804, -0.970821, -5.96046e-08, 0.375433, 3.97296)

[node name="book-50" parent="books1" instance=ExtResource("11_miwh6")]
transform = Transform3D(0.669131, -0.01686, -0.742954, -0.194106, -0.969003, -0.152829, -0.717348, 0.246474, -0.651662, 0, 0.297388, 3.68453)

[node name="book-51" parent="books1" instance=ExtResource("11_miwh6")]
transform = Transform3D(1, 3.22942e-08, 4.2194e-08, 3.22942e-08, 0.261195, -0.965286, -4.2194e-08, 0.965286, 0.261195, 0, -0.326462, 0.992121)

[node name="book-52" parent="books1" instance=ExtResource("11_miwh6")]
transform = Transform3D(1, 3.22942e-08, 4.2194e-08, 3.22942e-08, 0.261195, -0.965286, -4.2194e-08, 0.965286, 0.261195, 0, -0.339618, 0.943499)

[node name="book-53" parent="books1" instance=ExtResource("11_miwh6")]
transform = Transform3D(1, 3.22942e-08, 4.2194e-08, 3.22942e-08, 0.261195, -0.965286, -4.2194e-08, 0.965286, 0.261195, 0, -0.3526, 0.895525)

[node name="book-54" parent="books1" instance=ExtResource("11_miwh6")]
transform = Transform3D(1, 3.22942e-08, 4.2194e-08, 3.22942e-08, 0.261195, -0.965286, -4.2194e-08, 0.965286, 0.261195, 0, -0.367459, 0.84061)

[node name="book-55" parent="books1" instance=ExtResource("11_miwh6")]
transform = Transform3D(1, 3.22942e-08, 4.2194e-08, 3.22942e-08, 0.261195, -0.965286, -4.2194e-08, 0.965286, 0.261195, 0, -0.384144, 0.778947)

[node name="book-56" parent="books1" instance=ExtResource("11_miwh6")]
transform = Transform3D(1, 4.53033e-08, 4.36824e-08, 4.53032e-08, -0.0364174, -0.999337, -4.36824e-08, 0.999337, -0.0364174, 0, -0.41048, 0.681617)

[node name="book-57" parent="books1" instance=ExtResource("11_miwh6")]
transform = Transform3D(1, 4.53033e-08, 4.36824e-08, 4.53032e-08, -0.0364174, -0.999337, -4.36824e-08, 0.999337, -0.0364174, 0, -0.42564, 0.625592)

[node name="book-58" parent="books1" instance=ExtResource("11_miwh6")]
transform = Transform3D(1, 8.61474e-08, 1.04822e-08, 8.61473e-08, -0.970821, -0.239804, -1.04822e-08, 0.239804, -0.970821, 0, -0.615922, 0.446848)

[node name="book-59" parent="books1" instance=ExtResource("11_miwh6")]
transform = Transform3D(1, 8.61474e-08, 1.04822e-08, 8.61473e-08, -0.970821, -0.239804, -1.04822e-08, 0.239804, -0.970821, 0, -0.58123, 0.437461)

[node name="book-60" parent="books1" instance=ExtResource("11_miwh6")]
transform = Transform3D(0.669131, -0.01686, -0.742954, -0.194106, -0.969003, -0.152829, -0.717348, 0.246474, -0.651662, 0, -0.659275, 0.149033)

[node name="book-04" parent="books1" instance=ExtResource("11_miwh6")]
transform = Transform3D(1, 3.22942e-08, 4.2194e-08, 3.22942e-08, 0.261195, -0.965286, -4.2194e-08, 0.965286, 0.261195, -5.96046e-08, 1.39314, 2.28761)

[node name="book-05" parent="books1" instance=ExtResource("11_miwh6")]
transform = Transform3D(1, 0, -1.36536e-15, -3.55271e-15, 1, -9.85054e-23, 8.88179e-16, 7.7647e-23, 1, -5.96046e-08, 1.14799, 1.64749)

[node name="book-11" parent="books1" instance=ExtResource("11_miwh6")]
transform = Transform3D(-1.14172e-08, -4.2194e-08, -1, 0.261195, 0.965286, -4.37114e-08, 0.965286, -0.261195, -1.77636e-15, 0.050128, -0.0884868, -0.166684)

[node name="book-12" parent="books1" instance=ExtResource("11_miwh6")]
transform = Transform3D(-7.60056e-08, 1.32652e-07, 1, -0.261195, 0.965286, -1.47899e-07, -0.965286, -0.261195, -3.87191e-08, 0.050128, 0.028366, 0.269103)

[node name="book-13" parent="books1" instance=ExtResource("11_miwh6")]
transform = Transform3D(-7.60056e-08, 1.32652e-07, 1, -0.261195, 0.965286, -1.47899e-07, -0.965286, -0.261195, -3.87191e-08, 0.050128, 0.0831439, 0.25428)

[node name="book-14" parent="books1" instance=ExtResource("11_miwh6")]
transform = Transform3D(-1.25337e-07, 1.90866e-07, 1, 0.999992, -0.00424147, 1.26145e-07, 0.00424147, 0.999992, -1.90332e-07, 0.050128, 0.144264, 0.440801)

[node name="book-15" parent="books1" instance=ExtResource("11_miwh6")]
transform = Transform3D(-1.25337e-07, 1.90866e-07, 1, 0.999992, -0.00424147, 1.26145e-07, 0.00424147, 0.999992, -1.90332e-07, 0.050128, 0.164742, 0.49748)

[node name="book-16" parent="books1" instance=ExtResource("11_miwh6")]
transform = Transform3D(1, 3.22942e-08, 4.2194e-08, 3.22942e-08, 0.261195, -0.965286, -4.2194e-08, 0.965286, 0.261195, 0.000220954, 0.276625, 0.756456)

[node name="book-17" parent="books1" instance=ExtResource("11_miwh6")]
transform = Transform3D(1, 4.44568e-08, 4.3705e-08, 4.44567e-08, -0.0170519, -0.999855, -4.37051e-08, 0.999855, -0.0170519, 0.000220954, 0.223728, 0.560967)

[node name="book-18" parent="books1" instance=ExtResource("11_miwh6")]
transform = Transform3D(1, 3.22942e-08, 4.2194e-08, 3.22942e-08, 0.261195, -0.965286, -4.2194e-08, 0.965286, 0.261195, 0, 0.260588, 0.697188)

[node name="book-19" parent="books1" instance=ExtResource("11_miwh6")]
transform = Transform3D(1, 3.22942e-08, 4.2194e-08, 3.22942e-08, 0.261195, -0.965286, -4.2194e-08, 0.965286, 0.261195, 0, 0.245146, 0.64012)

[node name="book-20" parent="books1" instance=ExtResource("11_miwh6")]
transform = Transform3D(1, 0, -1.36536e-15, -3.55271e-15, 1, -9.85054e-23, 8.88179e-16, 7.7647e-23, 1, 0, 0, 0)

[node name="candles1" type="Node3D" parent="."]
transform = Transform3D(0.00395958, 0, 0.0799019, 0, 0.08, 0, -0.0799019, 0, 0.00395958, -3.18312, 2.33284, 6.25445)

[node name="mum" parent="candles1" instance=ExtResource("8_6aso1")]
transform = Transform3D(0.0494948, 0, -0.998774, 0, 1, 0, 0.998774, 0, 0.0494948, 74.1273, 0, 19.4062)

[node name="GPUParticles3D" type="GPUParticles3D" parent="candles1/mum"]
transform = Transform3D(1, 0, 0, 0, 1, 0, 0, 0, 1, 0, 2.18338, 0)
amount = 50
process_material = SubResource("ParticleProcessMaterial_hthow")
draw_pass_1 = SubResource("SphereMesh_ubx7w")

[node name="OmniLight3D" type="OmniLight3D" parent="candles1/mum"]
transform = Transform3D(5.71429, 0, 0, 0, 5.71429, 0, 0, 0, 5.71429, 0, 1.90924, 0)

[node name="mum2" parent="candles1" instance=ExtResource("8_6aso1")]
transform = Transform3D(0.0494948, 0, -0.998774, 0, 1, 0, 0.998774, 0, 0.0494948, 76.0222, 0, 50.5279)

[node name="GPUParticles3D" type="GPUParticles3D" parent="candles1/mum2"]
transform = Transform3D(1, 0, 0, 0, 1, 0, 0, 0, 1, 0, 2.18338, 0)
amount = 50
process_material = SubResource("ParticleProcessMaterial_hthow")
draw_pass_1 = SubResource("SphereMesh_ubx7w")

[node name="OmniLight3D" type="OmniLight3D" parent="candles1/mum2"]
transform = Transform3D(5.71429, 0, 0, 0, 5.71429, 0, 0, 0, 5.71429, 0, 1.90924, 0)

[node name="mum3" parent="candles1" instance=ExtResource("8_6aso1")]
transform = Transform3D(-0.748944, 0, -0.662635, 0, 1, 0, 0.662635, 0, -0.748944, 71.8522, -29.5683, 24.7795)

[node name="GPUParticles3D" type="GPUParticles3D" parent="candles1/mum3"]
transform = Transform3D(1, 0, 0, 0, 1, 0, 0, 0, 1, 0, 2.18338, 0)
amount = 50
process_material = SubResource("ParticleProcessMaterial_hthow")
draw_pass_1 = SubResource("SphereMesh_ubx7w")

[node name="OmniLight3D" type="OmniLight3D" parent="candles1/mum3"]
transform = Transform3D(5.71429, 0, 0, 0, 5.71429, 0, 0, 0, 5.71429, 0, 1.90924, 0)

[node name="mum5" parent="candles1" instance=ExtResource("8_6aso1")]
transform = Transform3D(-0.748944, 0, -0.662635, 0, 1, 0, 0.662635, 0, -0.748944, 70.7067, -29.5683, 21.7548)

[node name="GPUParticles3D" type="GPUParticles3D" parent="candles1/mum5"]
transform = Transform3D(1, 0, 0, 0, 1, 0, 0, 0, 1, 0, 2.18338, 0)
amount = 50
process_material = SubResource("ParticleProcessMaterial_hthow")
draw_pass_1 = SubResource("SphereMesh_ubx7w")

[node name="OmniLight3D" type="OmniLight3D" parent="candles1/mum5"]
transform = Transform3D(5.71429, 0, 0, 0, 5.71429, 0, 0, 0, 5.71429, 0, 1.90924, 0)

[node name="mum4" parent="candles1" instance=ExtResource("8_6aso1")]
transform = Transform3D(-1.63831, 0, -1.44951, 0, 2.1875, 0, 1.44951, 0, -1.63831, 72.9504, -29.5683, 50.8031)

[node name="GPUParticles3D" type="GPUParticles3D" parent="candles1/mum4"]
transform = Transform3D(1, 0, 0, 0, 1, 0, 0, 0, 1, 0, 2.18338, 0)
amount = 50
process_material = SubResource("ParticleProcessMaterial_hthow")
draw_pass_1 = SubResource("SphereMesh_ubx7w")

[node name="OmniLight3D" type="OmniLight3D" parent="candles1/mum4"]
transform = Transform3D(5.71429, 0, 0, 0, 5.71429, 0, 0, 0, 5.71429, 0, 1.90924, 0)

[node name="telas1" type="Node3D" parent="."]
transform = Transform3D(0.0247474, 0, 0.499387, 0, 0.5, 0, -0.499387, 0, 0.0247474, -3.43695, 9.31323e-10, 2.02356)

[node name="tela" type="MeshInstance3D" parent="telas1"]
transform = Transform3D(0.0494947, -0.998774, 4.36578e-08, 0, -4.37114e-08, -1, 0.998774, 0.0494947, -2.16348e-09, 5.28992, 7.89892, 3.56219)
mesh = SubResource("PlaneMesh_ufyat")
skeleton = NodePath("../..")

[node name="tela2" type="MeshInstance3D" parent="telas1"]
transform = Transform3D(0.395958, -7.9902, 3.49263e-07, 0, -3.49692e-07, -8, 7.9902, 0.395958, -1.73079e-08, 4.96733, -3.15152, -2.94738)
mesh = SubResource("PlaneMesh_ufyat")
skeleton = NodePath("../..")

[node name="tela3" type="MeshInstance3D" parent="telas1"]
transform = Transform3D(0.0494947, 0, -0.998774, 0, 1, 0, 0.998774, 0, 0.0494947, 4.51912, -1.86265e-09, 8.99126)
mesh = SubResource("PlaneMesh_ufyat")
skeleton = NodePath("../..")

[node name="Wall" type="MeshInstance3D" parent="."]
transform = Transform3D(14.8755, 0, 0, 0, 9.45179, 0, 0, 0, 1, 0, 1.19693, -1.037)
mesh = SubResource("BoxMesh_i2gfe")

[node name="shelves2" type="Node3D" parent="."]
transform = Transform3D(0.0494947, 0, 0.998774, 0, 1, 0, -0.998774, 0, 0.0494947, -3.65983, 1.18237, 6.90841)

[node name="Furniture_Shelf_5" parent="shelves2" instance=ExtResource("4_d6au6")]
transform = Transform3D(1, 0, 0, 0, 1, 0, 0, 0, 1, 3.72649, 0, -0.00845242)

[node name="Furniture_Shelf_7" parent="shelves2" instance=ExtResource("4_d6au6")]
transform = Transform3D(1, 0, 0, 0, 1, 0, 0, 0, 1, 5.64253, 0, -0.00845242)

[node name="Furniture_Shelf_8" parent="shelves2" instance=ExtResource("4_d6au6")]
transform = Transform3D(1, 0, 0, 0, 1, 0, 0, 0, 1, 1.81147, 0, -0.00845242)

[node name="Furniture_Shelf_9" parent="shelves2" instance=ExtResource("4_d6au6")]

[node name="cabinets2" type="Node3D" parent="."]
transform = Transform3D(0.0494947, 0, 0.998774, 0, 1, 0, -0.998774, 0, 0.0494947, -3.69904, 4.03283, 6.09972)

[node name="Furniture_Cabinet_7" parent="cabinets2" instance=ExtResource("9_nvibe")]
transform = Transform3D(1, 0, 0, 0, 1, 0, 0, 0, 1, 2.91914, 0, 0)
freeze = true

[node name="Furniture_Cabinet_8" parent="cabinets2" instance=ExtResource("9_nvibe")]
freeze = true

[node name="books2" type="Node3D" parent="."]
transform = Transform3D(0.0494947, 0, 0.998774, 0, 1, 0, -0.998774, 0, 0.0494947, -3.25879, 1.55608, 3.6531)

[node name="book-87" parent="books2" instance=ExtResource("11_miwh6")]

[node name="book-88" parent="books2" instance=ExtResource("11_miwh6")]
transform = Transform3D(-1, -2.57572e-14, -1.49012e-07, 0, 1, -1.74846e-07, 1.49012e-07, -1.74846e-07, -1, 0.451176, -0.00103009, 2.38419e-07)

[node name="book-89" parent="books2" instance=ExtResource("11_miwh6")]
transform = Transform3D(-1, -2.57572e-14, -1.49012e-07, 0, 1, -1.74846e-07, 1.49012e-07, -1.74846e-07, -1, 0.451176, 0.05572, 2.38419e-07)

[node name="book-90" parent="books2" instance=ExtResource("11_miwh6")]
transform = Transform3D(0.265287, 0.96417, -1.49012e-07, 0.96417, -0.265287, 1.29286e-07, 8.56817e-08, -1.82539e-07, -1, 0.647192, 0.066, 0)

[node name="book-91" parent="books2" instance=ExtResource("11_miwh6")]
transform = Transform3D(0.265287, 0.96417, -1.49012e-07, 0.96417, -0.265287, 1.29286e-07, 8.56817e-08, -1.82539e-07, -1, 0.707249, 0.0709599, 0)

[node name="book-92" parent="books2" instance=ExtResource("11_miwh6")]
transform = Transform3D(-4.47035e-08, 1, -4.37114e-08, 0, -4.37114e-08, -1, -1, -4.47035e-08, 1.9984e-15, 0.986462, 0.11132, 0.0499074)

[node name="book-93" parent="books2" instance=ExtResource("11_miwh6")]
transform = Transform3D(-1.00583e-07, 0.960692, -0.277617, 4.1919e-08, -0.277617, -0.960692, -1, -1.08033e-07, -1.30385e-08, 0.783932, 0.11132, 0.0499077)

[node name="book-94" parent="books2" instance=ExtResource("11_miwh6")]
transform = Transform3D(-4.47035e-08, 1, -4.37114e-08, 0, -4.37114e-08, -1, -1, -4.47035e-08, 1.9984e-15, 0.925061, 0.11132, 0.0501282)

[node name="book-95" parent="books2" instance=ExtResource("11_miwh6")]
transform = Transform3D(1, 0, 0, 0, 1, 0, 0, 0, 1, -1.90608, 0, 0)

[node name="book-96" parent="books2" instance=ExtResource("11_miwh6")]
transform = Transform3D(-1, -2.57572e-14, -1.49012e-07, 0, 1, -1.74846e-07, 1.49012e-07, -1.74846e-07, -1, -1.45491, -0.00103009, 0)

[node name="book-97" parent="books2" instance=ExtResource("11_miwh6")]
transform = Transform3D(-1, -2.57572e-14, -1.49012e-07, 0, 1, -1.74846e-07, 1.49012e-07, -1.74846e-07, -1, -1.45491, 0.05572, 0)

[node name="book-98" parent="books2" instance=ExtResource("11_miwh6")]
transform = Transform3D(0.265287, 0.96417, -1.49012e-07, 0.96417, -0.265287, 1.29286e-07, 8.56817e-08, -1.82539e-07, -1, -1.25889, 0.066, 0)

[node name="book-99" parent="books2" instance=ExtResource("11_miwh6")]
transform = Transform3D(0.265287, 0.96417, -1.49012e-07, 0.96417, -0.265287, 1.29286e-07, 8.56817e-08, -1.82539e-07, -1, -1.19883, 0.0709599, 0)

[node name="book-100" parent="books2" instance=ExtResource("11_miwh6")]
transform = Transform3D(-4.47035e-08, 1, -4.37114e-08, 0, -4.37114e-08, -1, -1, -4.47035e-08, 1.9984e-15, -0.919618, 0.11132, 0.0499077)

[node name="book-101" parent="books2" instance=ExtResource("11_miwh6")]
transform = Transform3D(-1.00583e-07, 0.960692, -0.277617, 4.1919e-08, -0.277617, -0.960692, -1, -1.08033e-07, -1.30385e-08, -1.12215, 0.11132, 0.0499077)

[node name="book-102" parent="books2" instance=ExtResource("11_miwh6")]
transform = Transform3D(-4.47035e-08, 1, -4.37114e-08, 0, -4.37114e-08, -1, -1, -4.47035e-08, 1.9984e-15, -0.981019, 0.11132, 0.050128)

[node name="book-103" parent="books2" instance=ExtResource("11_miwh6")]
transform = Transform3D(-4.47035e-08, 1, -4.37114e-08, 0, -4.37114e-08, -1, -1, -4.47035e-08, 1.9984e-15, 1.00346, -0.54334, 0.0501282)

[node name="book-104" parent="books2" instance=ExtResource("11_miwh6")]
transform = Transform3D(-4.47035e-08, 1, -4.37114e-08, 0, -4.37114e-08, -1, -1, -4.47035e-08, 1.9984e-15, 0.953093, -0.54334, 0.0501282)

[node name="book-105" parent="books2" instance=ExtResource("11_miwh6")]
transform = Transform3D(-4.47035e-08, 1, -4.37114e-08, 0, -4.37114e-08, -1, -1, -4.47035e-08, 1.9984e-15, 0.903386, -0.54334, 0.050128)

[node name="book-106" parent="books2" instance=ExtResource("11_miwh6")]
transform = Transform3D(-4.47035e-08, 1, -4.37114e-08, 0, -4.37114e-08, -1, -1, -4.47035e-08, 1.9984e-15, 0.846497, -0.54334, 0.050128)

[node name="book-107" parent="books2" instance=ExtResource("11_miwh6")]
transform = Transform3D(-4.47035e-08, 1, -4.37114e-08, 0, -4.37114e-08, -1, -1, -4.47035e-08, 1.9984e-15, 0.995588, -1.21149, 0.0501282)

[node name="book-108" parent="books2" instance=ExtResource("11_miwh6")]
transform = Transform3D(-4.47035e-08, 1, -4.37114e-08, 0, -4.37114e-08, -1, -1, -4.47035e-08, 1.9984e-15, -0.0906076, -1.21149, 0.050128)

[node name="book-109" parent="books2" instance=ExtResource("11_miwh6")]
transform = Transform3D(-4.47035e-08, 1, -4.37114e-08, 0, -4.37114e-08, -1, -1, -4.47035e-08, 1.9984e-15, -0.0368137, -1.21149, 0.050128)

[node name="book-110" parent="books2" instance=ExtResource("11_miwh6")]
transform = Transform3D(-4.47035e-08, 1, -4.37114e-08, 0, -4.37114e-08, -1, -1, -4.47035e-08, 1.9984e-15, 0.0168371, -1.21149, 0.050128)

[node name="book-111" parent="books2" instance=ExtResource("11_miwh6")]
transform = Transform3D(-4.47035e-08, 1, -4.37114e-08, 0, -4.37114e-08, -1, -1, -4.47035e-08, 1.9984e-15, 0.070189, -1.21149, 0.050128)

[node name="book-112" parent="books2" instance=ExtResource("11_miwh6")]
transform = Transform3D(-4.47035e-08, 1, -4.37114e-08, 0, -4.37114e-08, -1, -1, -4.47035e-08, 1.9984e-15, 0.939581, -1.21149, 0.050128)

[node name="book-113" parent="books2" instance=ExtResource("11_miwh6")]
transform = Transform3D(4.47035e-08, -7.10543e-15, 1, -1.50996e-07, -1, 2.5411e-21, 1, -1.50996e-07, -4.47035e-08, 0.402839, -1.32218, 0.162091)

[node name="book-114" parent="books2" instance=ExtResource("11_miwh6")]
transform = Transform3D(-0.354797, 5.35728e-08, 0.934943, -1.50996e-07, -1, -2.87815e-14, 0.934943, -1.41173e-07, 0.354797, 0.732882, -1.32218, 0.0360422)

[node name="book-115" parent="books2" instance=ExtResource("11_miwh6")]
transform = Transform3D(0.636078, 0.76537, 0.0980463, 0, 0.127065, -0.991894, -0.771625, 0.630922, 0.080823, 0.199343, -1.21149, 0.050128)

[node name="book-116" parent="books2" instance=ExtResource("11_miwh6")]
transform = Transform3D(-4.47035e-08, 1, -4.37114e-08, 0, -4.37114e-08, -1, -1, -4.47035e-08, 1.9984e-15, 2.95483, 0.11227, 0.0501282)

[node name="book-117" parent="books2" instance=ExtResource("11_miwh6")]
transform = Transform3D(-4.47035e-08, 1, -4.37114e-08, 0, -4.37114e-08, -1, -1, -4.47035e-08, 1.9984e-15, 1.86863, 0.11227, 0.050128)

[node name="book-118" parent="books2" instance=ExtResource("11_miwh6")]
